66 INDEX ΙΙΙ.

7.11. 15. 5. 111. 1. 2.
lv. ⁶· 1⁰· Au mmmm Ao causamn.

anmusmffla
01000311 w.avwounmamffia
·· ⁴ 2 5000001
. · 0 · 0· uma
··· w 00
,11 mmm

. · . 10.· 11. 12. 7.
. 18.11.12..7 10. 00.
20.1.14.10.11 17.
261Ιέ. 4. 27. 111.
21 11102. 111140
. . . .- 22. 111021111115.
. . Ἃ. 105. 3 412¹}
20. 11. 11. 1211. 7.
1111121110.
14. 2
. . . 111214.
. 3. 11. ll. 5. 1112.
4.11 15. 2. 111.
213. 111114.
, 12,10. 8. 7. 10.
.... .1.12 10...8101820.
...1.5. 111..1715. 8. 10..108,21.
. . . 17. 111. 20 9. 1.1.3,13. 111.
. . . 20. 10015. ll. 5.
. . . · 21. ibid. 10 1. 14. 5. 1V. 6- 9.
. . 1116011121 1011101124. 110.
, . '. ibid. 10. 1.
“ ἰ . 8.111.11.13.111.25.12111258 10. 15.
. . . 2.10.13. 13. 5. 10. 16. 21.
10 11. 10. 13. 111. 8. 13. 11. 7. 17.
1.111. 15.8.111. 14. 11. 7.17.11.17.
. 18. 7. 0111. 4. 25.
V1. 1. 118. 37 38. 10. 12.10.8.11. 15. 11. 10. 0.
2029. 14. 111. 14. 13. - 111. 10. 11. 8. 33.
4. 10. 20. 29. 25. 4. 17. 11. 7. 16. 11. 8.
0. 111. 23. 10. 15. 111. 2. 4. 10112. 31. 10142225.
10. 11. 5. 8. 20111. 20210. 17. 19. 11. 15. l.
12. 114. 13. 1. 17. 8. 27. 20. 20. 10. 10. 9. 13.
l3.1.1413.11.5.11. 21. 111. 25. 3. 4, 8. 10, 10. 7.
10 111 221. 111. 1V.17. 29. 21. 101013.
20. 12. 1V.3. 11124. 9. 23. 10. 10. 11. 24.
10 11120 5,7.111. 0 111 2028. 111. 10. 13. 2.
2012. 2040. 111. 1. 11. 10 13. 111. 0.
19. 11120. 20. 12. 111. 100111 3.10. 17 30
19. 9. 2. 10. 17. 30.
18. 101810 311.13.7‚132.⁵·1111.

33⁹¹?— &5353ss

30.
. 1.
2.
0.
0
14.

ἐξὲξ 32

 

