ω - ΗΝΗΜ

17111177 111711, ll. 11, ll. ⁴. 18. 11. 1
,17111711111177 171114...4.11117 77. 11
1111, 1V. Ν.73. 17. Ν, 18 7.73.111.

4. 117111111419.,11717.11114111114,Ν.7.

1.1, 1. 77 71. Ν. 17 7177717.
611311117 77 ibid. 8. 1111
1.,.7.11147517 7111177 1⁵. 111..1771177
15. 71. 111, 1 75. 11. 111111. 171717,
Ν.Ν. 1777 7111 1. 111715. 1111111 1117. ·
. 7. 111. 15. 6. Il 7.1. 7111111117.
711176 11. 11117, 17111. ·
1Χ.1. 1V. 14. 71. 17. 1.162
111 11111. 111.
' An 1111111101. 11 1114.
9. 11717. 1111, 111011.
1.1, 11. 11. 1.11. 16. 1. 111. 1175.
11. 8. 7. 18. 11. 1616. lv. 17 11174147
7. 1. 111111 7. 1471111111 73. 17. 111. 17. 1⁰.
17. 17 70. 17. 11 114. 171711, 13. 111. 71147·
3.1, 13 7171 1111111111. 1⁴. 1611.
⁴. 11. 7 79.11 111117711116, 16. 111, a 13.
14111171 711, 14, 71. 17. 1118, 117
⁴. 1 14.15 11. 17.4.11.7.17. 7117. 17111.
6. 11711, 16. 1V. 18. 6. 71. 171175.
111. 1..1311. 77.1.,-.,115611174,115. 11177111,
14,1114911 711. Ν,173. 11111114.111.111
117, 111ῗρ 77,1.17,.1711175.8 17111.

7
7
6.

1.ΗΜ.1 111 11υ111
1.Ἣ1111111 1.1,11
111111 11111 m. 111
111.1.1 111111,111 1.1.1.
11 1111. 11,1.1. 31111.11
1111ω11. 111. . 131
11 1 11165 1.111
111111 111.111
1,1 1.1.ΜΝ1111 1,1.1
11 1Η.1.111Ὴ11 1,11
1.9 11111 11111 111
11111.1 1 111 1 111
11.1111 111111 1 1111
mmmmm 11 1 111
111 1. 111 111ωω1
1 1111 1 111 11
11 1ΗῊ.1. 111 1 111
11ΜΜΉ1111111
11111 11
11111111 1.111111. 1111
1. 1111 111111
. 111 1111111111111
1 111 1111, .11111
1 111 1 111 11
1111111 1 111 a 111
11 w. 111’111Ὴ111
1.31 1 111 1 1η1
1.1.11ω. 111 111111
1.1.1 , 11111.ι
, 111ψ11
,,, 1111111

 

