11²2meng
s 1.ω1
1η11ω1

22.

114. m·

⁴ mmm.

³2 11124. 6. 17..7
2717728
43.1...14611.1612
44.1116..12111,8..9
61. 111436.
62. ’ 11134.

69. 111. 4. 36- xxm 42. 111 24. 11.

11116. 115.Ι 1.
’ 16. 1161511113.
ξ17111622 111.
m mnam
1111.
mm.mma
uz Lmz
211- 111. 21137.
1712 111. 16. 5.
6. 111. 166.
u.mA1ffiQ
m 11η
2211111162.
mma
17116 111. 7, 6.

6. lV. 14. 7.
7. 111. 1415.

Ι1111111111. 111.
11. 11118.
11. 11111.
11111. 111v 11. 1.
11 1111111 111.
11 111 111.ι 2'1111
1111111118
111111. 1.,.11111.
11. 11111
nummum
11. 161 6
31. 11113.
111115. 11111.

28. 111. 9. 6. “

11111117. 17. 17. 26,

⁴ 1V. 17. 43. 17.
18. 8.

19. 17. 3. 617, 15.
26. lV. 16. 30.
IV. 171. 11117.
29. 17. 17. 37.

26. 11.11,4.11,17.
4. 17. 17.6.17.
1120.

26.17.11.8.17.11.
91726. 7.

26. 17.11.18.

’ lV. 16. 31.
,43 ΙΙΙ. 26. 6
46Ι 1162. 1111511.

XXIV. 6. 1.14 6.

6. ibi 4.
11. 1112. 4.
12. 1de

16.·17. 17. 29.

26. 11...12411.17,
· 4111118717
1132

27193Η111234.

31.17.·.1729.
39..11..142111.26,
....3171729.

44. 111. 6. 8.
111. 2. 34.
46.11..12.4.1113.19.
4111. 12. 4. 1113.

46.

l. 111 3.,19.

49. IV. 3. 12.
61. 17. 17. 27.

lomna.

11. 1. 13. 6.1 1311.

1. 13. 22.

31. 13. 7. l. 13. 17.
4.1. 13. 13. 1. 16. 4.
11. 2 19. 11. 61.

IV· 17. 18.

6. 11. 2. 12.

8. 11. 12 4.

1611114.

12.11.6.1.111.1..4
111. 26. 36. 111
2216.
13. 11 2191113.
2. 111. 1. 4.
14.1.13.11.11,12.
4 11.14.1.Π
14. 8

16. 1113 1.11. 15.
6..111. 11. 9. 111.
26. 1.

17, ’ 11. 7. 6.

18. 11317. 112.
26. 1191. 17.
1136.

23. 11. 9. 5.

Β. 1111311.
' 6. 11. 114.
4 26. 17. 11
32. luas. 1V.19
33. 1111
36. 11. 9. 61114
46. 17.4
42 ἱ
6. 1. 1112111
1192. 17. 17
16. 17. 14
ἐξ. 1114. 4. 1112
i

23. 17..
24. 1112.
1113. 1131. 17.

6. 1716.
6. 11.1.6.11.1
16. 1111211117
11. 1112111716
1611171411
111172
. 11111112
111. 24. 7.
23. 1711
27 112
36. 1111
6411131111
66 1716
17.1. 17. 11
14. 1111
22151314
11. 6.1.
2211121166.
24. 1. 13.
2611161 1111
35. 11216.
42 1117

63. ι
7. 8. 17. 19.
17. 113 7. l.
12. 1. 16. 4.
142.
18113.
21. 11. 14
22111131116.
23 116211. 11
21. ΙΙ. 9. 3. 111.
6. 111 24. 5.
2611716.
26. 1161911.
411146.
26. 17. 17.
28. 111264. 11126
29. 11118

 

