'mom 111. ω

15. 11116. 5. 11.6.11. 11.v 111161.
16. 11111. 19. 111116. 13. 1111. 111111.
11 11115. 11. 11115.6. 16. 1111 17.’
1911115 11113. 19. 1. 11. 19. 11163.
11. 11111611. 11. 111116. 1111611511.
1619, 11. 1. lv. 94 111111.
11.1116.16.111.1. 4. 1111119. 1 lv. 11. 11
1, 11 9. 111. 1146. 7. 11111.
111111 11. 611. 19. 11. 1 a 6 ibid.
11 11111111. 1114. 111141 1111111111116,
6.Ν,16.18,31, 8. 1111, 11 11. 111. 115.
11. 5. 116 5. 1111816 9. 1111116. 16. 111. 19. 51
1117. 1111111. 16. 11.3.11.
lv. 1117. Ν. 19. “ 1111. 14.
11. 15, 1. loma. 19. 1, 13. ll, 16
11. 115. 1. 11, 1. 11. 13.
13. Ν..1911.11,11..14.1,7Ν.
· 17. 17, 19..7 lv. 116
1111 7.....11.17411151 ulamma.
111161. 111411.
...1117 1......1114911119911 111131.
1119. 1111145.
1. , 1111111111).
. . 1116. 16611.
.1..1117...11114
. .. ” 1611114119. 1.6.1141.6,19.111
... 1111.175...111416, 111
⁶. ...16 1116191 111619
. ., 19. 1111111111 14.

. 1111111111116. 111111
1111110, 111. VII. 14. 111. Β. 9.
. . 1611111110. 11. 111. 9. 11
. 3. 111. 111. 11115. Ν. 1.” 15.
. 8. 1111111119. xlv. 13. 111110.
. · . 111, 118. 1111116 111. 9. 9.
. 1111116. 11. 111. xlx. 10. 1· 11. 3. 1.
” 10.1.1119.111.16.2 1110.
6, 1111116111. 15, 11161, XM. 111. 15. 5.
1141111111 xxl. 17. Ν,16.17.
111111. 114119. 111. 4. 17, 111111. 8. 1. 11. 3. Ι.
22. ΠΙ. 111. 7, 16. 14. 19.
11. ,ιιι 11. ιιι. 1 9. ι. ι4. ιιι.
’ ΙΙ, Pam. 31111111. 16. Ν. 11
Ν.1. lv. 9. 11. 19. ibid.
1. 4. 111.11.19. 111. 8. Ν. 1131.
11. 10. 10. 11111 111 1116.

ἱ ..ψ-ι

 

