INDEX 111.

ΗΛ 11616113

6.1, ,
1, 16.6. 166

61111. 1111116. 11. 111. 11. 6,
1111611 111111. 111134.
v1 13111314.

111. 9. 116..3 11 116 .

1111111111 11. 16. 9.

= 11114.11.9,6.

11. IV. 13, 111111 ’1Ϊ1 16 13
.11111. 9.1.11,3.

lom.

11161111113813 111316,
1111,1.1113,3,,1’11ι6.
6.1113.111Ι.13..11 6....1161111166
16.’1.11.11. 111336
11111811111
1816.
11....41V231v1..82
. 11113.

’ 1111611111

1116111111.

-.e-³
—
-.<=·
ω,
ω

Ῐὲ

466666. “
6661
6116161
6116161
616
61 616
a 166
6 611

111. 11.

6111111161.

66.16.1,
6011161611 g

113. 16. 19.
111.19,.9 8.1.13 1111116 w. ibid.

1. 69.

:021

,9.
,6.
. 3.
.· 3.
,3.
,6.
,6.
.11.

·, 11
111118.

1, 11111611,
1. 81 16.,

11. 1111111111.

1111. 43. 111 6, 8.
1111. 39. 1616,

1111111161

11. 661’

16. ’ ibid.
31. 11, 161.
33. 11. 131.

11611161.
111 3. 1111131113.

16.16
161166
1666
666ΜῊ1
1666
MMMMM
16616
laMuew
6.6
6 661
616666
6666 ,
unuzme.
66166
mMus

16. 11. 113. 1161166616. '⁶

111. 11. 111. 13. 6. 111.

16. ibid.

1111111111. l& , ibid.
U ‚m

11. 13.
13 111161. ’

mmm 1111166

11. 1. xv. 6. 616. “

166 661 .'‘'

1161161111 66 661 ’

 

