ffissm

. 3. u'm'1113

. · . 1.1116,13,Ῑ9,19.22.
. . 5 1112383129,
mii. 7. . 11313,
15,. ' · 9. 111127,
· 13.11..91.11,..103
8. 19.15, 6. lv. 15. 111.,.22919.15.
11115 18. 11.111.8..89 111.
6. 1V.318· , 1119,
12. IV.19.18. 19. 15. 1,11.
13, 19192121,,15,.13
XM. 11126.Ι 22
18. 191919 28. 1182,
17.19,.3811,3ι 111³.& 111.
18. 19,3,7. l8.l.
20, 19,1. 22 19,3,11.111,23.10,
6.19.12,,2 12, 11221.
21. 111211113, 13. 1111115111.
211135 1713.
23,1,..91319122 11.11.8.88.
28.1,,,.131111.11 18. 111,19.,1519.
,2.1115.2,111,10,3,
11.8. IV. 38. 88. 191121.
19.5..8 1111. 19,15.17.
19.,,91 9. . 11113,
1113.10,.111.9.113.2.
19.,,33 1153.
1V.l. 12, 113,,3
111,.15,111.3
1911181110,
3,,1111.3.
29.115.,.31Ι7.7,
1111119.
21.119,,,,111103
1111118111,
1119,
21.ῙΙ.53.11...135
11. 11.8. 111, 1.
31119. 111. 111.

0 ΨΦ-

1,
L
IV.

,τ’-,ἑξ
ξέᾲε

ἓ
Ξὲίἔὲἒέζὲἷὸἓὲμ-

w!
30,
⁴ 31.
33.
XXI.
xm
13.
13.
25.
18.!st

—z

Q·

ὃ-

ΞὲΞΞ

ὃ-Γ·
ρ.. =·

XXIV. 12, lV. 2019, 1119. 1111113.
18. 111. 25. 9, 111153, 111, 20.
18. 111 19. 16. 19. 15,

10.1. 25, 1111112 19,
XXV. 18. 192013, 15, 3.
11. 1113. 26,111113.111,11.
XXVI. 11. 1118. 1. 12111, 13,,1 111.
18. 1513, 11, 17,
20. 111. 3. 8. 27, 111. 1113. 111..138.
ΧΧ9111..,.,15191617 1V.8· 11111, 1318.
18.1V.8.18. 11111.8.18.
88. 111115. 1111120,

11..,,17511111

, 1,...1111120111
1122

7....11111119111.

1111113..,193,10 11...111.1710

2., 11113. 10,19...,.133.191313.

hnwmm'

3.
Ξ 111.1..l36 V11.·I 19.,1512.

11. 19, 11, 5, 2129.
191320.
12, 19131213,
13. 1111111,
11. 1111111131Ιέ.
15, 9111111119.
17, 1110111112.
15111, 115,
21. 1112 31,
25,11.13,5.137. 1⁶1:

·1.1..19..1111..213111

, ...2¹31
1.mA.2mm2
1 mma

κ 811 121, 11. 131.

mtffimu
aa mma
m.umffium

sunan

18. 1, 1117, 13. .

11 gl. 21, 111.
12 11131113,
11 131.
1511111,
13. ll. 17, 3.
1111311516,

11, 135. 11113.
111. 111, 11111,
9. 111. 1112. ΙΙΙ,
1113. 191121,
2011531177.

Vll. 3. 111. 6, 3. 19,

111. 3, 31. IL 137,
11. 13. 13. 111 3,
5. 19. 1313, 19,
lo. 21, 19193.
3. 111. ·3, 9111311,
111. 13. l.
12, 111.,³.13.11119.6.
11. 111193191512.
18. 11133, 111. 132.
19. 111. 21. ¹⁰88
23. 11. 8. 88. 11, 8.

59. 1111. 23. 111.
11 21.

Ἰἱὲᾶῡμθ

ΙΙ,7,.3

1191.
11. 11...83
1111227.
13 ·111.

ι. 111 ..119

 

