!'

“’, 5, 111313
’ 0111007,
9. 111, 3. 9.

10,,1154,,.1110,0
11,11130

8. 10, 13, 13,

10. 111 00. 30.
11. 8, 37,

w.
04. 111. 18. 0.

05, 11, 00. 10.
10173, 111. 00. 00,

Ι, 13011111131113311-

1118 1,.17 11.
’19. 1110510.

1115,111,00.40,Ν,

13.-1111115.
Ν. 3. 111100.

7, 1111501019

1⁵ 01110313.

10,
11.,50,

0,Ῑο Ν.19.34

9, 111 16. 0.
111, 00, 7, 111,
00, 08,

¹17.

18 1110038
19,,,,,11193115,11,
00. Ι...93

01111οη311117,

15111057

,11, 111 01333113111311-

ι51.11.5,51

0. 1110011118,
. 8003111008, 7,

Ν, 00 1,
u. 11. 8. 53, 111 18.

10.,37,

111, 05, 8,

101, 110 111011,
111017,

111·.9ll.

ῼ1511311,

’[,13

. '.' {g 1183510111,

INDEX ΙΙΙ, 07

1111111 1113Ηω3
1113- 111.1
1.111133 n 13111
13.111111. 3.1
11.11311 lma
1.3.131.13 113
13 1111 1133113
m 111 amm ,
u 113 n. 1113
1⁵. 1113 m 113

11 An 0113111311.

Ι, 5, 11, 5. 0. 11, 8, 51, 6. IV. 3. 16.
1110, 1011119. 0, 1111311111.
1,0,Ν,10,4. 5. 111, 16. 9. 111,

9. 1111111. 3 10100,
13, 111. 3, 00, 10. 1. 9. 9. 111051,
15, 11, 115, 10 01.,031 111, 054,
11113111130111111033,
10111 0. 10 18. 1110510

111111.,...0019081110 10.,54

1V. 99. 03, 11. 111 15. 8.
010005, 100003, 13 1101110030,
4. 1110111110. 111013.
5.11101,11,175.19,111000101

111. 00, 17. 111, 0, 8.

00. 00 1V. 1315. 00. 111. 15, 8,
01..,75111430 05,,,11418111.3,
8,1 ..,1.,..000930111 01111Ηο410

· 00. 11418. 1113101,
·“.0,4,111.7,1110,5,
8. 111. 013.
33. 101. 9, l. 11. 7. 14,
11101.

11.

11

1111 7111131311.

9.1110,.13 01030, 1v.1. 1017
15,Ν,,,11οΝ0, 8,,11 1,,18,5’·
1010. 810, 4,

10. 1 13 1114114. 16. Ν,0,15,
101, 111. 013.9 110.
0, Ν 014
3,Ν..,911Ν,.10,03 1.1111.0.11,10,111
4, 111 198 0010,
5....11119811100.08 5. Ν,,.37,815.
0. 111. 9. 13. 6. 10310110 15003
9, lv. 3. 0. Ν, 310.

111. 8 8. 10. 10,

1. 9, 1. 13, 111, 0, 13,
15111. 19. 9. 1013.
19. 08 9, Ν. 17. 40,
10, 3. 9, u. 9. 111. 0. 13,
10, 101318, 11. 1110, 4, 111. 7.
3. 1161 10010,

i!

50.
11105,

An ’111011

111 00. 44,

Ν. 10, 3,

 

