1115161. ’ 11

4. 1 ll. ⁰. 31. 1.16,1. 31. 11, 1⁰. 17.
11. 11, 16. 1⁰ 33111 1⁰ 51 xm 3, 11111146.
31. 11635 1111,.1 18411111. 11811
111111111111111. 1111,41,111.5.11.1111,16, IV 188.
11111,11,111, 11131, 11,,.811 11. 11,,161,
1111111118 111114, 1...8511111,8, 11144,
1111416 111116.1ῐ.63 1.,..111441181
111, 1,11.3.16,11,3,15 Il. 1611,
XXXIV& 1111111116, 111816111613,
1. ψ 11 8 11. 1. 11. 111. 16. 111411,
18,1.6.5,,,.111116 11111111611161411111111 11156.
11. ..1 3519.. 111, 11. 13, 11, 8 51.
11111111 11. 8. 11. 11111163 11.1.5,15,11.51,
31, 11.·1.1⁰. XIX.I⁰. 111616,
111.. 34, 185. ’ 1111118. 11836,
115516565511556 11.11,1,15.11166,
xxffl.5.111.21 5.
tumens. 1,16.11.11.4,Ι1.11, 11111113,111,11,1,
6,11,·13.9.111111.18,11.8,14,
11. 11. 1416, 39. 11, 1611. 1111111 16, 111. 5.11.
4,· 113161136118111431,15,1116,,6
5, 11. 18. ll. 11.4,4, 111, 11. 1⁰. 111,
IV. 1. 11116, 111. 1111. 1111111413.
V. 13, 11. 17. 4, 7. 111. 14, 15. 11111,1.111.11.9.
1111. 6, 11315, 1. 11, 8, 5. XXVIII. l. 1. 17. 8. 11,
XI. 44. 11. 1⁰. 15 11, 1. ll. 3. 510,
xvl. 1. ’ 11 15. 6. 15. 1. ll. 1, 1. 118. 4.
11, 111. 4. 1⁰. 16. 11, 8. 11. ll 1, 1⁰. 5
Χ1111, 5. 11. 8. 411. 11166 11111115.
17..5 111. 1413. 31. 111 11, 5. 36.1 11 11,1,
'. 11111.31,14.118,31,65.114.6,
⁰. 11, 19,13,11,11, 111, 1⁰. xxm 111. 16,
11111111611111.115.11.,.1511,.851, 4, 1613,
. ’ 6..111,1915, = 111114, 18.’ 111,,115,
11 11814- 1316111511. ibid. <
1⁰. 11, 8. 47, 16 11, 1331611137,
18. 11.8.5⁰.1V.‘1⁰.l⁰. 15, 111 17. 7. 111, 11, 1. 111. 11 3.
31, 11.1,5. 111. 6, 11. 8. 14, XXX. 1 111, 3. 6,
,8 . 7. 111. 115 3. 11.1,14
8. 1613 6,1,,.Ι58115,11,
. ,3, 1. 111161113611163,
. . , 11.111.17.1. . . .
, .· 13. ibid. .·''·. . .'.
Ι.11661111.1. 111...1646
. 111.,,1644 3..,.,,1167111.1644 ’1,
, 1.1.78 17. 111, 11. 44 , 1613111113.
, 1611441116. 111.,,115 15, 11111.
11...1,,11)111 11⁰..51 19...1154.11.,13.
,.11..8111,4.6,14111111111115 11111115, 1,8,1,
15. ibid. 8 1111,11,111,11.,5
1611.....5811136,15,111.85.“
Nonum. 11. 16, 3, 11, 11. IV. 1111. .
1611. 11, 1 1315.
11. 6, IV. 1916, 16. 11 8. 15, 3511856111611.
18.· 1611. 111, 16. 11611. I. 46, 11. 17. 1⁰. -
IX.18. . IV. 15, 1. 111113, 11,1,9. XXXIII. 3, 11, 1⁰. ⁰.
11 8. 5. 14, ibid. 11. 1⁰. 8, ,
18 1111151, 18 11 8. 5. .5. 11. 6 11.

 

