lwum.

. ae.mVVMffl fflm7nfflss

anl. 11113819.

1513

3.11......7511134
111311113·

4. 111οΗ0 111.

- 333....111437 lm

111. 11. 33.·

-8 11.3.1.

7. 11.1.9.111.3.8

ι - ·111.30.34.

9. 11. 3. 0. 111. 1. 3
111. 3 39. 19.
17.13.

10.11.1.8.111.1.3.
111.3.34.111. 35.
3.11’.17.13.

11.113.18.111.1.
3. 111339111.
35. 3. 111.· 35. 8.
111113.

14. 1113. 39.

15. 11.11.9.11.1ι1.
5.111.1.3.111,

3. 11. 11. 13. 5.

111. 30. 1. 37. 111.

3511111933.

10. 111. 3. 39.

17. 11. 13 3.

19.111.9,.511135.3.

3011 l 5.

33. 1115 1113513.

35.11.

34. 11 9. 3.

35. 111. 3. 41 111. 3.
43111351.

. 30. 1113015.

37. 11130. 5. 111.
30. 34.

39. 11. 13. 3. 1111.
1. 111. 1. 3. 111.
8.1. 111158.
111. 18. 7. 111.
311,

30. 11. 5. 3. 111. 14.
31. 1111814.
111-310.

33. 11.14.7.11.17.
0111315.
33111. 11311111.
0111. 1111.
3111 1013. 1115.

10. 1111118111.
3030.
35. 111. 338. ’111.··.13.5

1113.

3 111. 14. 19.

057.

.91 ’...1111419 31
551553.

39.

40.1..11158.111 31. 11183133

34

......11
5

’ 555
L& ε
1151ἱ.’

111113117.
331. mlum

38111340 111 34 111. 3 311118.
19..1v 193
· 3511114 bum

α551.5.15 ”’“

7555555
o. 551
5 51551

51

13. 111335 . .
13. 111. 31. 7. 111. , . . . .
’ 3311. ’·,

11134. 1.

'17. ἶ 1113114.
18¹ 1183. 111 3311.

555155.
-5555

31, 111. 17. 5.
33.1.14,18.111.31.1.
2⁴0 ”’ 117. u· Π.

34. [ma.

33. 113 11. 33.
31. -1 1313.

33.11118.3111Χ..3 1111113.
41..03.1104.

55155

555
555555

5.5.5.3
6.155
811W512111279.

111. 330. 19. 14. 4.
9. 111. 11. 14.

101113..3111,3..8

11. ·.1 1313.
14. 111. 30.-,1 111,
3011.

17. 111. 3037. lV.
1. 5. 111-9.
111.·10. 19. lV.

0. 31.

111. 33. -0,
¹1· ¹1v. l. .8.
511131. 1.
41111. 14. 5.
5. 555.
11111. 1. Ι1. ·

st& .551 ,. .’
41 55.1 ..
· 1011. 5.4.11. 511. - . .

19. 11. 30. 19.
31 IV. 30 30.

1111· 1. 111. 19. 15. 11.

10. 3, 5. 13131.
4. 7.1V. 38 23.
418. 34110. 11130
1111131119.
5 111. 19. 15. lV. 114
3111. 30. 33.
0. 11511
8. 11- 8. 53
9- 11 8. 57.
14. 111. 1. 1. 111. 1413.

XlV. 1. 11119 11.

5. 11, 8. ’31.
10.1.13.11.111.5.8.
11. 1131133111.
13.111.19.11.
11111 198.
17.11.15.4.

33. 111. 19. 8.

33. 111. 510, 111. 15.
0111. 13. 3. lV.
13. 17. uum

XV· 1. 111. 19 11.

1 511
a 5555
1555155
5 155
5.Ι 511
5 im

··75.'· - IV. 6. 14.

 

