6666 ιιι. ’ 51

331111. · 7676. 6. 7676. 311311, 11. 1616.
7. 1131113. · 16. 7176. 31113, 113313
1311,.1313(111113 1166. 111311,

131111331315. 7. 16...6cx1116.11116
6..11116....1vl6 6. 1131 3. 111...6666
.;3, 111, 15. 31131133113. 31111113. 1113111
·11,15,33 1,ι.,.133111 16....61111616.

33.1133,,111315 6116 1111111111

616 lv. 666 6. 1111, 333 ’
3.· 113313, 6. 7176. 6. 111. 661.

(111, 16. 11311, 31111 ,11133 33, 311111, 15. 11133
,,-13 7676. 7. 111617. 111333, “
13,- 111, 66. 66. 16 ιιι 1333 31111, 6. 1 6. 6.
16. 7676. 13 7176. 3113311133 3.ι
61 7176. 16. 11131, 6. 166
66. 116 11. 66. 11. 131113111331 16. 1..1331,,

w.6 6.w. 3333Η1,
311313, 1311131131113311113
33, ” 7176. 311113, 11131. 3111113. 1133

31113 111313. 3111113 1,·11,,11 1311313
11.111315,13,·111..133 33111313

,3311151111313 35, 1133. .

11113. 1, 6. 6. 66. 7176. ,

6 116. 7. 311111, 11111. 16. 3151115551

¹16. 111133. 13 1133311113.

·· . 3.31311 666

. 16. 11661. 11,31. 11113
·7. 31. 11666. 66. 7676.
·7. 3311333311.1111111133111
61. 111. 6. 61. 66
. .. 13111131, 16. 7676.
. .· 71. 111. 6. 66. 111113 11. 3311,
. 76 111131. 111. 33 113. 7.

. 66. 11, 13 7676.

. 66 113. 67. 66. 131311 113,

ξ11.ι1,. 66. 1111311113 111, 3. 66.

. 6 11 ’1,,5 166. 111315, 11. 7. 111313. 111
67. 1113 66. 166. 117. 6. 11, 7. 11, 16.

01113 166. 13 11. 6. 6. -13 11113133,
6. . 1113315. 111. 111, 6 16. 111, 11. 111131,
13 7676. 113, 11611. 66. 111115,
13 11166 111. 1116161111116 111131
16. 1111315133, 1133111131 11111, 16.
66. . 1. 15.Ρ 7. 311111, 111. 66. 6. 66. 111. 1113.
66. 7676. 111111 1133. 1113111133,
66. 116. 6. 11617. 31111311111111, 6. 111. 16. 6
· 11, 6. 6. 6. 11166111166. 11111133

,13 1313111111 111,.13 3111135,

6161. 1116.6.1116. 31111111 111, 13 15. 1, 111, 333
· - 16. 7. 11...15 5,111151,,1111.33
1113311111, 11. 11133, 6. 1111,

. 33333 3 313 m 666

· 3111313, 16. 1115. 16. 11, 3333
6. 11..1.66 3111111113. 11. 116 33 1133
31111 11113 311111151111 11111 1131113
6. 11..66 311111151153131311
1311.,,311113133111111111...11113 1111113.,11313111
311111, 111. 17. 16 311131 ’ 3311,
6· 1113133 111313 3111111 11135,

 

