INDEX 111.

1
ml. 1. 11. 11. ’20 ·· 11310. XII. 0. 111031. “
xm 11. 1011. 30. 11310. 20. 11. 1031
73, 1, 1111. XXXIII. 3. 11. 10. 12 13. 11. 17- 11
. 18. 11.8.19.“ ΧΧΧΙ1.5. 11- 1012. 10. 1103.
XXI. 2. 111011. 25.111011.11.1.21. XIII. 2, 11.10.31.’
10111011. 1013. 18. 111012. 10 1110
’11. 111. 22. 0. XXXV. 10 111012. 21, 11. 119.
21. 11. 8. 27, 11. 11101211121. 20. 11. 15. 0.
25. 111011. 1111111118. lv. 111. 31 1102.
XXIII. 11101 III. 32, 111011. XV& 1131111.
“ ’ 2010. XXXVIII. 10111012. 17. 23.
2. · 111011. 10121· 1117. 180.
’3. 111, 18. 2. 11110. 1103. 11. 11. 17. 31 11.
·0., ,1. 101. 30. 111012 18. 20.
12. 111. 8-1. 11111111. 11 1. 0. xvu. 0. 11111111.
10. 111102 XIV. 8. 117. 8. 1111. 111820
17. 7573. XLVII. 7. 11115. 15. 1130
18. [1131111121. 8. 1110115513. 11111110. 11. 118.
1111111 111. 25. 8. 111012. XIX. 5 11. 10131
7. 1113. 29. 111013 011. 11.
12. 7573. 3015715711115010. 105.
19. III. 200 11. 11115. XX.. 11321
XXIV. 7. 1 11. 01 XLVIII. 11 11. 3. 10 1.. ..1 1112.
“ 11. 12. 10, ...11 13. 21,
01102,
5. 6. 11. 100
3 13. 11. 1010.

η Imm mwffi
xmw.sz m mm.
-nu11mm2nm1 73
.1 mmm 1 {a

7. II 7012. 10. 8.. XIII. 13 110. 0.Ι.
15. 111011 III. . 11. 10, 11. 10 3
27. 7777112. 7., 20. 1118. 17. 77835
37. 11. 8. 27. 15. 771013. 7777771. 712373
35. II. 10. 12. 0 IV. 20 1
1777719. 777137. Ι 77. 77078
II. 77. 10. 71. honus. 23. 777. 7. 5.
27. 777. 11. 23. xxm 1. 71147.
31771321777325. 7712, 772310, 4. . ,
3 13131 7101 6
XXVIII. 5. 111012. 0110 1011103. 72.
1 71. 72. 77. 72. 8. 77. 23. 3013.
1. 1112. 10. 11. 0 1. 10.
18. ’ 7. 71. 75. 71. 773. 23. 2ο. ,
22. 77733. 21. 7177. 777777. 1878117.
17777123. 77. 77177. 773. 77. 17. 75. 7123.
-- 23. 77. 70. 72. 11. 113. lI xxv. 17. 1111
27. 77.10,12,11.1111.1712113 28. 7573.
xxx.l.11.1⁰ 72.1 182. 20. 7573.
- 2 7...167 25. ..177321 III.1...I71 777127
'xxxl.19. 711.,8 m 111⁰.8 7777777177. 77123777
“ 23. 111011. 23. 11103. 10. 573
10. 11. 10. 12. 111. I. I. 13. 9, 12, 7573.
53. 77. 2. 8. 7. 3. 71017713. 27. 7577.
xxx11 1. 1..]1. 5. 11. 1. 1. XXIX. 0 1110
. 7. , 111012. 10. 11. 17. 15. 36. 0111111873
. 70. 7772311. 777. 71. 7. 83 xxx-10. 71737
· · 20. 76. ’ 72. ·· 777715. 33. 77. 73 37.
71777071777777. 7777, 71 Ilm 77737. 3. 77277
· 23. 11. 717. 7111. 73. 718. 79-
,·28. 7715. 113 1118. mm. 7.,778

Μαι

 

